WUnderground Gauge Pack Temperature F (-25 to 100)

Temperature | Needle
====================
-25	210
-24	212
-23	215
-22	217
-21	220
-20	222
-19	224
-18	227
-17	229
-16	232
-15	234
-14	236
-13	239
-12	241
-11	244
-10	246
-9	248
-8	251
-7	253
-6	256
-5	258
-4	260
-3	263
-2	265
-1	268
0	270
1	272
2	275
3	277
4	280
5	282
6	285
7	287
8	289
9	292
10	294
11	297
12	299
13	302
14	304
15	306
16	309
17	311
18	314
19	316
20	319
21	321
22	324
23	326
24	328
25	331
26	333
27	336
28	338
29	341
30	343
31	345
32	348
33	350
34	353
35	355
36	358
37	0
38	2
39	5
40	7
41	9
42	12
43	14
44	17
45	19
46	21
47	24
48	26
49	28
50	31
51	33
52	36
53	38
54	40
55	43
56	45
57	47
58	50
59	52
60	54
61	57
62	59
63	62
64	64
65	66
66	69
67	71
68	73
69	76
70	78
71	81
72	83
73	85
74	88
75	90
76	92
77	95
78	97
79	99
80	102
81	104
82	106
83	109
84	111
85	113
86	116
87	118
88	120
89	122
90	125
91	127
92	129
93	132
94	134
95	136
96	139
97	141
98	143
99	146
100	148