WUnderground Gauge Pack Wind Speed (MPH) (0 to 80)

MPH | Needle | Indicator
====================
0	225	None
1	232	None
2	239	None
3	245	None
4	252	None
5	259	None
6	266	None
7	272	None
8	279	None
9	286	None
10	293	None
11	299	None
12	306	None
13	313	None
14	320	None
15	326	None
16	333	None
17	340	None
18	347	None
19	353	None
20	0	None
21	7	None
22	14	None
23	20	None
24	27	None
25	34	None
26	41	None
27	47	None
28	54	None
29	61	None
30	68	None
31	74	None
32	81	None
33	88	None
34	95	None
35	101	None
36	108	None
37	115	None
38	122	None
39	128	None
40	135	None
============ (at 40 MPH, the needle goes back to 1 and the indicator stays at 40.)		
41	232	135
42	239	135
43	245	135
44	252	135
45	259	135
46	266	135
47	272	135
48	279	135
49	286	135
50	293	135
51	299	135
52	306	135
53	313	135
54	320	135
55	326	135
56	333	135
57	340	135
58	347	135
59	353	135
60	0	135
61	7	135
62	14	135
63	20	135
64	27	135
65	34	135
66	41	135
67	47	135
68	54	135
69	61	135
70	68	135
71	74	135
72	81	135
73	88	135
74	95	135
75	101	135
76	108	135
77	115	135
78	122	135
79	128	135
80	135	135
