WUnderground Gauge Pack Temperature C (-30 to 30)

Temperature | Needle
====================
-30	225
-29	230
-28	234
-27	239
-26	243
-25	248
-24	252
-23	257
-22	261
-21	266
-20	270
-19	275
-18	279
-17	284
-16	288
-15	293
-14	297
-13	302
-12	306
-11	311
-10	315
-9	320
-8	324
-7	329
-6	333
-5	338
-4	342
-3	347
-2	351
-1	356
0	0
1	5
2	9
3	14
4	18
5	23
6	27
7	32
8	37
9	41
10	46
11	50
12	55
13	59
14	64
15	69
16	73
17	78
18	82
19	87
20	91
21	96
22	100
23	105
24	110
25	114
26	119
27	123
28	128
29	132
30	137