WUnderground Gauge Pack Wind Speed (KPH) (0 to 160)

MPH | Needle | Indicator
========================
0	135	None
2	146	None
4	156	None
6	167	None
8	178	None
10	189	None
11	199	None
13	210	None
15	221	None
17	231	None
19	242	None
21	253	None
23	264	None
25	274	None
27	285	None
29	296	None
30	306	None
32	317	None
34	328	None
36	339	None
38	349	None
40	0	None
42	11	None
44	23	None
46	34	None
48	45	None
50	56	None
52	68	None
54	79	None
56	90	None
58	101	None
60	113	None
62	124	None
64	135	None
66	146	None
68	158	None
70	169	None
72	180	None
74	191	None
76	203	None
78	214	None
80	225	None
============== (at 81 KPH, the needle goes back to 1 and the indicator stays at 80.)
82	232	225
84	239	225
86	245	225
88	252	225
90	259	225
92	266	225
94	272	225
96	279	225
98	286	225
100	293	225
102	299	225
104	306	225
106	313	225
108	320	225
110	326	225
112	333	225
114	340	225
116	347	225
118	353	225
120	0	225
122	11	225
124	23	225
126	34	225
128	45	225
130	56	225
132	68	225
134	79	225
136	90	225
138	101	225
140	113	225
142	124	225
144	135	225
146	146	225
148	158	225
150	169	225
152	180	225
154	191	225
156	203	225
158	214	225
160	225	225
