WUnderground Gauge Pack (0 to 100) Percent, etc.

Percent | Needle	
=================
0		214
1		217
2		220
3		223
4		226
5		229
6		232
7		234
8		237
9		240
10		243
11		246
12		249
13		252
14		255
15		258
16		261
17		264
18		267
19		269
20		272
21		275
22		278
23		281
24		284
25		287
26		290
27		293
28		296
29		299
30		302
31		305
32		307
33		310
34		313
35		316
36		319
37		322
38		325
39		328
40		331
41		334
42		337
43		340
44		342
45		345
46		348
47		351
48		354
49		357
50		0
51		3
52		6
53		9
54		12
55		15
56		18
57		21
58		24
59		27
60		30
61		33
62		36
63		39
64		42
65		45
66		48
67		51
68		54
69		57
70		60
71		63
72		66
73		69
74		72
75		75
76		77
77		80
78		83
79		86
80		89
81		92
82		95
83		98
84		101
85		104
86		107
87		110
88		113
89		116
90		119
91		122
92		125
93		128
94		131
95		134
96		137
97		140
98		143
99		146
100		149
