WUnderground Gauge Pack
Compass NESW Values

Pressure | Needle
=================
950	225
951	228
952	230
953	233
954	236
955	239
956	241
957	244
958	247
959	249
960	252
961	255
962	257
963	260
964	263
965	266
966	268
967	271
968	274
969	276
970	279
971	282
972	284
973	287
974	290
975	293
976	295
977	298
978	301
979	303
980	306
981	309
982	311
983	314
984	317
985	320
986	322
987	325
988	328
989	330
990	333
991	336
992	338
993	341
994	344
995	347
996	349
997	352
998	355
999	357
1000	0
1001	3
1002	5
1003	8
1004	11
1005	14
1006	16
1007	19
1008	22
1009	24
1010	27
1011	30
1012	32
1013	35
1014	38
1015	41
1016	43
1017	46
1018	49
1019	51
1020	54
1021	57
1022	59
1023	62
1024	65
1025	68
1026	70
1027	73
1028	76
1029	78
1030	81
1031	84
1032	86
1033	89
1034	92
1035	95
1036	97
1037	100
1038	103
1039	105
1040	108
1041	111
1042	113
1043	116
1044	119
1045	122
1046	124
1047	127
1048	130
1049	132
1050	135
